X=Table[0.0025*i,{i,1,20}];

(*Cubicles 1 : max length = 3500*)
T={0.15,0.46,0.23,0.25,0.16,0.17,0.32,21.48,7.65,2.86,0.09,0.09,0.08,0.09,0.08,0.09,0.09,0.08,0.09,0.09};
P={10,10,10,10,10,10,10,7,4,3,1,1,1,1,1,1,1,1,1,1};
D={624.046,600.388,663.441,628.247,600.388,625.554,620.199,424.388,722.14,763.255,Infinity,Infinity,Infinity,Infinity,Infinity,Infinity,Infinity,Infinity,Infinity,Infinity};


(*Cubicles 2 : max length = 3500*)
T={0.19,0.28,0.2,0.21,0.17,0.27,0.3,0.2,0.39,0.64,262.58,0.63,0.74,1.6,0.74,0.25,0.41,0.58,1.06,0.41};
P={10,10,10,10,10,10,10,10,10,10,7,2,2,2,2,2,2,2,2,2};
D={493.83,532.274,529.869,516.538,493.492,494.805,431.343,495.449,452.262,461.242,509.047,1241.66,1241.66,1241.66,1241.66,1241.66,1241.66,1241.66,1241.66,1241.66,};


(*Cubicles 3 : max length = 3500*)
T={0.44,0.42,0.5,0.56,0.46,0.56,0.65,1.13,1.79,1.21,1.35,3.46,28.23,26.02,Infinity,44.07,49.22,37.57,44.83,18.14};
P={10,10,10,10,10,10,10,10,10,10,10,10,10,10,0,4,4,3,5,4};
D={327.978,333.21,434.892,409.371,554.178,478.857,694.91,443.044,568.359,614.955,673.086,760.27,441.819,662.958,0,698.678,698.678,749.272,651.033,707.298};

